# File generated by CMD 3.6 (http://stev.oapd.inaf.it/cmd) on Wed Feb 21 20:01:49 UTC 2024
# isochrones based on PARSEC release v1.2S +  COLIBRI S_37 + S_35 + PR16
# Basic references: Bressan et al. (2012), MNRAS, 427, 127 + Chen et al. (2014, 2015), MNRAS, 444, 2525 + MNRAS, 452, 1068 + Tang et al. (2014), MNRAS, 445, 4287 + Marigo et al. (2017), ApJ, 835, 77 + Pastorelli al. (2019), MNRAS, 485, 5666 + Pastorelli al. (2020), MNRAS, in press
# Thermal pulse cycles included 
# On RGB, assumed Reimers mass loss with efficiency eta=0.2
# Photometric system: DECAM (ABmags)
# Using YBC version of bolometric corrections as in Chen et al. (2019)
# O-rich circumstellar dpmod60alox40 dust from Groenewegen (2006)
# C-rich circumstellar AMCSIC15 dust from Groenewegen (2006)
# IMF: Chabrier (2001) exponential 
# Kind of output: isochrone tables
# Zini     MH   logAge Mini        int_IMF         Mass   logL    logTe  logg  label   McoreTP C_O  period0  period1  pmode  Mloss  tau1m   X   Y   Xc  Xn  Xo  Cexcess  Z 	 mbolmag  umag    gmag    rmag    imag    zmag    Ymag
0.000156 -1.99852 10.11394 0.0935845375 1.1198173761    0.093 -3.048  3.5136  5.463    1  0.000  0.545     0.00     0.00 -1 -6.83e-17      0.00 7.471e-01 2.528e-01 2.951e-05 7.963e-06 7.222e-05 -1.000 1.642e-04 12.391 17.310 15.022 13.209 12.120 11.735 11.632
0.000156 -1.99852 10.11394 0.0974408165 1.1524584293    0.097 -2.929  3.5302  5.428    1  0.000  0.545     0.00     0.00 -1 -9.18e-17      0.00 7.460e-01 2.538e-01 2.951e-05 7.963e-06 7.222e-05 -1.000 1.642e-04 12.092 16.820 14.467 12.740 11.831 11.480 11.376
0.000156 -1.99852 10.11394 0.1035205275 1.2014861107    0.103 -2.750  3.5551  5.374    1  0.000  0.545     0.00     0.00 -1 -1.43e-16      0.00 7.444e-01 2.554e-01 2.951e-05 7.963e-06 7.223e-05 -1.000 1.641e-04 11.645 15.911 13.646 12.074 11.392 11.087 10.988
0.000156 -1.99852 10.11394 0.1233925074 1.3427480459    0.123 -2.474  3.5829  5.286    1  0.000  0.545     0.00     0.00 -1 -2.74e-16      0.00 7.409e-01 2.589e-01 2.951e-05 7.964e-06 7.223e-05 -1.000 1.642e-04 10.955 14.598 12.577 11.216 10.704 10.444 10.353
0.000156 -1.99852 10.11394 0.1432645023 1.4607843161    0.143 -2.296  3.5964  5.227    1  0.000  0.545     0.00     0.00 -1 -3.28e-16      0.00 7.387e-01 2.611e-01 2.951e-05 7.964e-06 7.223e-05 -1.000 1.641e-04 10.511 13.853 11.969 10.721 10.259 10.018 9.934
0.000156 -1.99852 10.11394 0.1631364673 1.5607547760    0.163 -2.158  3.6052  5.180    1  0.000  0.545     0.00     0.00 -1 -5.57e-16      0.00 7.375e-01 2.623e-01 2.951e-05 7.964e-06 7.223e-05 -1.000 1.641e-04 10.164 13.326 11.525 10.345 9.910 9.682 9.603
0.000156 -1.99852 10.11394 0.2028804570 1.7205553055    0.203 -1.944  3.6168  5.107    1  0.000  0.545     0.00     0.00 -1 -8.88e-16      0.00 7.370e-01 2.629e-01 2.951e-05 7.964e-06 7.223e-05 -1.000 1.642e-04 9.629 12.562 10.867 9.774 9.371 9.160 9.087
0.000156 -1.99852 10.11394 0.2525603771 1.8685793877    0.252 -1.748  3.6275  5.050    1  0.000  0.545     0.00     0.00 -1 -1.07e-15      0.00 7.373e-01 2.626e-01 2.951e-05 7.964e-06 7.223e-05 -1.000 1.642e-04 9.140 11.877 10.271 9.253 8.877 8.683 8.615
0.000156 -1.99852 10.11394 0.3022403717 1.9790933132    0.302 -1.597  3.6364  5.013    1  0.000  0.545     0.00     0.00 -1 -1.68e-15      0.00 7.373e-01 2.626e-01 2.950e-05 7.965e-06 7.223e-05 -1.000 1.642e-04 8.763 11.347 9.812 8.851 8.497 8.315 8.253
0.000156 -1.99852 10.11394 0.3519202769 2.0646231174    0.352 -1.472  3.6446  4.987    1  0.000  0.544     0.00     0.00 -1 -2.27e-15      0.00 7.374e-01 2.625e-01 2.948e-05 7.966e-06 7.223e-05 -1.000 1.642e-04 8.450 10.900 9.427 8.516 8.181 8.011 7.953
0.000156 -1.99852 10.11394 0.4016002417 2.1325809956    0.401 -1.345  3.6535  4.953    1  0.000  0.545     0.00     0.00 -1 -2.99e-15      0.00 7.501e-01 2.497e-01 2.951e-05 7.963e-06 7.222e-05 -1.000 1.641e-04 8.134 10.440 9.037 8.177 7.862 7.705 7.651
0.000156 -1.99852 10.11394 0.4512802362 2.1877760887    0.451 -1.191  3.6684  4.909    1  0.000  0.545     0.00     0.00 -1 -4.24e-15      0.00 7.507e-01 2.491e-01 2.951e-05 7.963e-06 7.222e-05 -1.000 1.642e-04 7.747 9.818 8.537 7.758 7.475 7.338 7.292
0.000156 -1.99852 10.11394 0.5009601116 2.2334287167    0.501 -1.017  3.6858  4.850    1  0.000  0.545     0.00     0.00 -1 -6.41e-15      0.00 7.514e-01 2.484e-01 2.947e-05 7.950e-06 7.211e-05 -1.000 1.642e-04 7.314 9.126 7.989 7.295 7.047 6.932 6.896
0.000156 -1.99852 10.11394 0.5506401658 2.2717537880    0.550 -0.808  3.7064  4.764    1  0.000  0.544     0.00     0.00 -1 -1.09e-14      0.00 7.877e-01 2.122e-01 2.542e-05 6.864e-06 6.229e-05 -1.000 9.903e-05 6.790 8.322 7.352 6.749 6.539 6.449 6.424
0.000156 -1.99852 10.11394 0.6003201008 2.3043019772    0.600 -0.594  3.7324  4.691    1  0.000  0.544     0.00     0.00 -1 -1.86e-14      0.00 8.013e-01 1.986e-01 2.397e-05 6.478e-06 5.881e-05 -1.000 1.403e-04 6.254 7.493 6.702 6.203 6.038 5.978 5.965
0.000156 -1.99852 10.11394 0.6044924259 2.3068149090    0.604 -0.575  3.7350  4.686    1  0.000  0.543     0.00     0.00 -1 -1.95e-14      0.00 8.027e-01 1.972e-01 2.383e-05 6.439e-06 5.846e-05 -1.000 1.617e-04 6.206 7.422 6.645 6.156 5.995 5.937 5.925
0.000156 -1.99852 10.11394 0.6141805053 2.3125305176    0.614 -0.530  3.7409  4.671    1  0.000  0.543     0.00     0.00 -1 -2.18e-14      0.00 8.060e-01 1.938e-01 2.347e-05 6.344e-06 5.761e-05 -1.000 1.530e-04 6.095 7.255 6.512 6.045 5.893 5.842 5.833
0.000156 -1.99852 10.11394 0.6235839128 2.3179249763    0.623 -0.486  3.7465  4.657    1  0.000  0.543     0.00     0.00 -1 -2.18e-17      0.00 8.095e-01 1.904e-01 2.312e-05 6.249e-06 5.676e-05 -1.000 1.412e-04 5.985 7.097 6.384 5.938 5.796 5.751 5.744
0.000156 -1.99852 10.11394 0.6346601844 2.3240928650    0.634 -0.434  3.7531  4.639    1  0.000  0.543     0.00     0.00 -1  -3.7e-19      0.00 8.137e-01 1.862e-01 2.267e-05 6.131e-06 5.570e-05 -1.000 1.149e-04 5.855 6.912 6.233 5.812 5.681 5.643 5.639
0.000156 -1.99852 10.11394 0.6444784999 2.3293943405    0.644 -0.387  3.7588  4.621    1  0.000  0.542     0.00     0.00 -1 -5.65e-16      0.00 8.177e-01 1.822e-01 2.226e-05 6.020e-06 5.471e-05 -1.000 1.133e-04 5.738 6.749 6.099 5.699 5.578 5.546 5.544
0.000156 -1.99852 10.11394 0.6499999762 2.3323092461    0.650 -0.360  3.7619  4.611    1  0.000  0.542     0.00     0.00 -1 -3.36e-14      0.00 8.200e-01 1.799e-01 2.202e-05 5.956e-06 5.413e-05 -1.000 1.519e-04 5.671 6.659 6.023 5.636 5.519 5.490 5.490
0.000156 -1.99852 10.11394 0.6540139318 2.3343989849    0.654 -0.341  3.7642  4.603    1  0.000  0.542     0.00     0.00 -1 -3.53e-14      0.00 8.221e-01 1.778e-01 2.180e-05 5.898e-06 5.361e-05 -1.000 1.453e-04 5.622 6.596 5.969 5.589 5.476 5.449 5.450
0.000156 -1.99852 10.11394 0.6635050178 2.3392453194    0.663 -0.293  3.7694  4.582    1  0.000  0.542     0.00     0.00 -1 -2.32e-14      0.00 8.273e-01 1.726e-01 2.126e-05 5.755e-06 5.232e-05 -1.000 1.215e-04 5.503 6.442 5.837 5.476 5.371 5.350 5.352
0.000156 -1.99852 10.11394 0.6725659370 2.3437514305    0.672 -0.247  3.7743  4.561    1  0.000  0.541     0.00     0.00 -1 -2.69e-15      0.00 8.325e-01 1.674e-01 2.072e-05 5.609e-06 5.102e-05 -1.000 1.269e-04 5.387 6.297 5.709 5.366 5.268 5.251 5.255
0.000156 -1.99852 10.11394 0.6806070805 2.3476552963    0.680 -0.204  3.7786  4.541    1  0.000  0.541     0.00     0.00 -1 -2.34e-19      0.00 8.374e-01 1.624e-01 2.020e-05 5.473e-06 4.979e-05 -1.000 1.179e-04 5.280 6.164 5.593 5.264 5.173 5.160 5.166
0.000156 -1.99852 10.11394 0.6883981824 2.3513553143    0.688 -0.161  3.7827  4.519    1  0.000  0.540     0.00     0.00 -1 -1.01e-17      0.00 8.424e-01 1.574e-01 1.968e-05 5.333e-06 4.854e-05 -1.000 1.277e-04 5.172 6.035 5.476 5.162 5.078 5.069 5.076
0.000156 -1.99852 10.11394 0.6976202130 2.3556342125    0.697 -0.108  3.7875  4.491    1  0.000  0.540     0.00     0.00 -1 -1.14e-14      0.00 8.486e-01 1.512e-01 1.903e-05 5.161e-06 4.699e-05 -1.000 1.482e-04 5.039 5.877 5.332 5.035 4.959 4.955 4.963
0.000156 -1.99852 10.11394 0.6999999881 2.3567211628    0.700 -0.094  3.7888  4.484    1  0.000  0.540     0.00     0.00 -1 -6.91e-14      0.00 8.503e-01 1.496e-01 1.886e-05 5.115e-06 4.658e-05 -1.000 1.570e-04 5.004 5.836 5.293 5.001 4.927 4.924 4.933
0.000156 -1.99852 10.11394 0.7018927336 2.3575804234    0.701 -0.082  3.7897  4.477    1  0.000  0.539     0.00     0.00 -1 -7.14e-14      0.00 8.513e-01 1.485e-01 1.875e-05 5.088e-06 4.634e-05 -1.000 1.602e-04 4.976 5.802 5.263 4.974 4.901 4.900 4.909
0.000156 -1.99852 10.11394 0.7100743651 2.3612458706    0.710 -0.030  3.7938  4.447    1  0.000  0.537     0.00     0.00 -1 -8.28e-14      0.00 8.557e-01 1.442e-01 1.831e-05 4.984e-06 4.543e-05 -1.000 8.646e-05 4.846 5.654 5.123 4.849 4.783 4.785 4.796
0.000156 -1.99852 10.11394 0.7171008587 2.3643305302    0.717  0.017  3.7971  4.417    1  0.000  0.536     0.00     0.00 -1 -9.49e-14      0.00 8.589e-01 1.410e-01 1.801e-05 4.911e-06 4.480e-05 -1.000 7.339e-05 4.728 5.521 4.997 4.735 4.675 4.680 4.692
0.000156 -1.99852 10.11394 0.7239075899 2.3672647476    0.723  0.065  3.8003  4.385    1  0.000  0.534     0.00     0.00 -1 -8.04e-14      0.00 8.617e-01 1.381e-01 1.775e-05 4.852e-06 4.429e-05 -1.000 1.473e-04 4.607 5.385 4.867 4.617 4.561 4.570 4.583
0.000156 -1.99852 10.11394 0.7307144403 2.3701474667    0.730  0.118  3.8033  4.349    1  0.000  0.533     0.00     0.00 -1 -8.49e-20      0.00 8.643e-01 1.356e-01 1.752e-05 4.801e-06 4.386e-05 -1.000 1.345e-04 4.475 5.242 4.728 4.488 4.438 4.450 4.463
0.000156 -1.99852 10.11394 0.7385791540 2.3734154701    0.738  0.184  3.8065  4.300    1  0.000  0.531     0.00     0.00 -1 -2.47e-17      0.00 8.670e-01 1.329e-01 1.729e-05 4.750e-06 4.342e-05 -1.000 1.127e-04 4.310 5.063 4.553 4.325 4.280 4.295 4.310
0.000156 -1.99852 10.11394 0.7459296584 2.3764109612    0.745  0.253  3.8091  4.246    1  0.000  0.529     0.00     0.00 -1 -8.59e-15      0.00 8.691e-01 1.308e-01 1.711e-05 4.711e-06 4.309e-05 -1.000 8.819e-05 4.138 4.881 4.373 4.155 4.115 4.132 4.147
0.000156 -1.99852 10.11394 0.7500000000 2.3780457973    0.749  0.294  3.8102  4.211    1  0.000  0.529     0.00     0.00 -1 -2.22e-13      0.00 8.701e-01 1.298e-01 1.703e-05 4.695e-06 4.296e-05 -1.000 1.000e-04 4.035 4.773 4.265 4.052 4.014 4.032 4.048
0.000156 -1.99852 10.11394 0.7526862621 2.3791155815    0.752  0.322  3.8110  4.188    1  0.000  0.529     0.00     0.00 -1 -2.43e-13      0.00 8.696e-01 1.303e-01 1.711e-05 4.716e-06 4.316e-05 -1.000 1.000e-04 3.966 4.700 4.193 3.983 3.946 3.966 3.981
0.000156 -1.99852 10.11394 0.7567442656 2.3807179928    0.756  0.367  3.8116  4.147    1  0.000  0.529     0.00     0.00 -1 -2.82e-13      0.00 8.685e-01 1.314e-01 1.726e-05 4.758e-06 4.355e-05 -1.000 1.000e-04 3.851 4.583 4.075 3.868 3.833 3.853 3.869
0.000156 -1.99852 10.11394 0.7582584620 2.3813118935    0.757  0.386  3.8114  4.129    1  0.000  0.528     0.00     0.00 -1 -3.02e-13      0.00 8.681e-01 1.318e-01 1.732e-05 4.774e-06 4.369e-05 -1.000 1.001e-04 3.804 4.536 4.028 3.821 3.786 3.805 3.821
0.000156 -1.99852 10.11394 0.7623728514 2.3829140663    0.761  0.441  3.8097  4.069    1  0.000  0.528     0.00     0.00 -1 -3.64e-13      0.00 8.670e-01 1.329e-01 1.747e-05 4.817e-06 4.409e-05 -1.000 9.997e-05 3.666 4.402 3.891 3.680 3.643 3.661 3.676
0.000156 -1.99852 10.11394 0.7652521133 2.3840255737    0.764  0.485  3.8071  4.016    1  0.000  0.528     0.00     0.00 -1 -4.28e-13      0.00 8.662e-01 1.337e-01 1.758e-05 4.847e-06 4.436e-05 -1.000 9.996e-05 3.556 4.301 3.785 3.567 3.526 3.541 3.555
0.000156 -1.99852 10.11394 0.7658661008 2.3842616081    0.765  0.496  3.8063  4.003    1  0.000  0.528     0.00     0.00 -1 -4.46e-13      0.00 8.660e-01 1.339e-01 1.761e-05 4.853e-06 4.442e-05 -1.000 1.000e-04 3.531 4.278 3.762 3.541 3.499 3.513 3.527
0.000156 -1.99852 10.11394 0.7664532065 2.3844869137    0.765  0.506  3.8051  3.988    1  0.000  0.528     0.00     0.00 -1 -4.66e-13      0.00 8.659e-01 1.340e-01 1.763e-05 4.860e-06 4.447e-05 -1.000 9.994e-05 3.504 4.255 3.737 3.512 3.469 3.482 3.496
0.000156 -1.99852 10.11394 0.7684291601 2.3852429390    0.767  0.546  3.8001  3.929    2  0.000  0.528     0.00     0.00 -1 -5.43e-13      0.00 8.653e-01 1.346e-01 1.770e-05 4.880e-06 4.466e-05 -1.000 1.000e-04 3.405 4.173 3.648 3.408 3.357 3.366 3.377
0.000156 -1.99852 10.11394 0.7699427009 2.3858194351    0.769  0.581  3.7938  3.869    2  0.000  0.528     0.00     0.00 -1  -6.3e-13      0.00 8.649e-01 1.350e-01 1.776e-05 4.896e-06 4.481e-05 -1.000 1.000e-04 3.316 4.109 3.573 3.314 3.253 3.255 3.265
0.000156 -1.99852 10.11394 0.7711291313 2.3862700462    0.770  0.614  3.7863  3.808    2  0.000  0.528     0.00     0.00 -1 -7.29e-13      0.00 8.641e-01 1.357e-01 1.787e-05 4.926e-06 4.509e-05 -1.000 1.191e-04 3.235 4.060 3.509 3.226 3.154 3.149 3.156
0.000156 -1.99852 10.11394 0.7720862627 2.3866324425    0.771  0.644  3.7783  3.746    2  0.000  0.529     0.00     0.00 -1 -8.37e-13      0.00 8.557e-01 1.442e-01 1.884e-05 5.190e-06 4.747e-05 -1.000 1.124e-04 3.160 4.023 3.455 3.146 3.061 3.048 3.052
0.000156 -1.99852 10.11394 0.7728896737 2.3869359493    0.771  0.672  3.7706  3.688    2  0.000  0.531     0.00     0.00 -1 -9.54e-13      0.00 8.346e-01 1.653e-01 2.100e-05 5.775e-06 5.275e-05 -1.000 1.121e-04 3.091 3.994 3.405 3.070 2.974 2.953 2.954
0.000156 -1.99852 10.11394 0.7735987902 2.3872034550    0.772  0.701  3.7632  3.630    2  0.000  0.533     0.00     0.00 -1 -1.09e-12      0.00 8.088e-01 1.911e-01 2.349e-05 6.443e-06 5.873e-05 -1.000 1.107e-04 3.018 3.964 3.353 2.994 2.886 2.858 2.856
0.000156 -1.99852 10.11394 0.7742280364 2.3874404430    0.773  0.733  3.7566  3.572    2  0.000  0.535     0.00     0.00 -1 -1.25e-12      0.00 7.921e-01 2.078e-01 2.507e-05 6.867e-06 6.251e-05 -1.000 1.124e-04 2.939 3.926 3.293 2.911 2.793 2.758 2.754
0.000156 -1.99852 10.11394 0.7748514414 2.3876748085    0.773  0.773  3.7507  3.508    2  0.000  0.536     0.00     0.00 -1 -1.48e-12      0.00 7.818e-01 2.181e-01 2.606e-05 7.130e-06 6.485e-05 -1.000 1.589e-04 2.837 3.863 3.210 2.808 2.680 2.639 2.632
0.000156 -1.99852 10.11394 0.7753436565 2.3878598213    0.774  0.813  3.7469  3.453    2  0.000  0.536     0.00     0.00 -1 -1.73e-12      0.00 7.766e-01 2.232e-01 2.655e-05 7.261e-06 6.603e-05 -1.000 1.642e-04 2.739 3.792 3.124 2.708 2.574 2.529 2.521
0.000156 -1.99852 10.11394 0.7756802440 2.3879859447    0.774  0.842  3.7445  3.414    2  0.000  0.536     0.00     0.00 -1 -1.94e-12      0.00 7.739e-01 2.259e-01 2.680e-05 7.329e-06 6.664e-05 -1.000 1.642e-04 2.664 3.734 3.057 2.633 2.495 2.448 2.439
0.000156 -1.99852 10.11394 0.7759783268 2.3880977631    0.774  0.872  3.7429  3.378    3  0.000  0.536     0.00     0.00 -1 -2.16e-12      0.00 7.721e-01 2.277e-01 2.697e-05 7.372e-06 6.703e-05 -1.000 1.528e-04 2.590 3.671 2.988 2.559 2.418 2.369 2.359
0.000156 -1.99852 10.11394 0.7763690948 2.3882441521    0.774  0.913  3.7409  3.330    3  0.000  0.537     0.00     0.00 -1  -2.5e-12      0.00 7.699e-01 2.299e-01 2.715e-05 7.422e-06 6.747e-05 -1.000 1.515e-04 2.488 3.584 2.892 2.457 2.313 2.262 2.251
0.000156 -1.99852 10.11394 0.7767628431 2.3883912563    0.775  0.956  3.7390  3.279    3  0.000  0.537     0.00     0.00 -1 -2.93e-12      0.00 7.680e-01 2.319e-01 2.730e-05 7.463e-06 6.784e-05 -1.000 1.362e-04 2.379 3.489 2.790 2.348 2.202 2.148 2.136
0.000156 -1.99852 10.11394 0.7771399617 2.3885324001    0.775  1.001  3.7374  3.228    3  0.000  0.537     0.00     0.00 -1 -3.44e-12      0.00 7.662e-01 2.336e-01 2.743e-05 7.496e-06 6.813e-05 -1.000 1.634e-04 2.268 3.390 2.684 2.238 2.089 2.033 2.021
0.000156 -1.99852 10.11394 0.7775408030 2.3886821270    0.775  1.051  3.7357  3.171    3  0.000  0.537     0.00     0.00 -1 -4.13e-12      0.00 7.645e-01 2.353e-01 2.754e-05 7.527e-06 6.841e-05 -1.000 1.642e-04 2.142 3.277 2.564 2.113 1.961 1.903 1.890
0.000156 -1.99852 10.11394 0.7778772116 2.3888075352    0.776  1.097  3.7342  3.120    3  0.000  0.537     0.00     0.00 -1 -4.86e-12      0.00 7.631e-01 2.368e-01 2.762e-05 7.550e-06 6.861e-05 -1.000 1.642e-04 2.028 3.175 2.456 2.000 1.846 1.787 1.772
0.000156 -1.99852 10.11394 0.7782174945 2.3889343739    0.776  1.146  3.7327  3.065    3  0.000  0.537     0.00     0.00 -1  -5.8e-12      0.00 7.617e-01 2.381e-01 2.769e-05 7.570e-06 6.878e-05 -1.000 1.537e-04 1.905 3.062 2.337 1.877 1.720 1.660 1.644
0.000156 -1.99852 10.11394 0.7785513997 2.3890588284    0.776  1.199  3.7312  3.005    3  0.000  0.537     0.00     0.00 -1 -7.01e-12      0.00 7.604e-01 2.394e-01 2.774e-05 7.589e-06 6.894e-05 -1.000 1.561e-04 1.772 2.942 2.211 1.745 1.587 1.524 1.508
0.000156 -1.99852 10.11394 0.7788208723 2.3891592026    0.776  1.246  3.7297  2.953    3  0.000  0.536     0.00     0.00 -1  -8.3e-12      0.00 7.594e-01 2.405e-01 2.777e-05 7.604e-06 6.905e-05 -1.000 1.630e-04 1.655 2.836 2.099 1.629 1.468 1.404 1.387
0.000156 -1.99852 10.11394 0.7790808678 2.3892557621    0.776  1.295  3.7283  2.898    3  0.000  0.536     0.00     0.00 -1 -9.89e-12      0.00 7.584e-01 2.414e-01 2.779e-05 7.620e-06 6.914e-05 -1.000 1.642e-04 1.533 2.725 1.981 1.507 1.344 1.278 1.260
0.000156 -1.99852 10.11394 0.7793143988 2.3893425465    0.776  1.343  3.7268  2.844    3  0.000  0.535     0.00     0.00 -1 -1.18e-11      0.00 7.576e-01 2.422e-01 2.778e-05 7.638e-06 6.921e-05 -1.000 1.615e-04 1.413 2.617 1.866 1.388 1.222 1.154 1.136
0.000156 -1.99852 10.11394 0.7795260549 2.3894212246    0.777  1.391  3.7253  2.791    3  0.000  0.535     0.00     0.00 -1  -1.4e-11      0.00 7.569e-01 2.430e-01 2.777e-05 7.657e-06 6.927e-05 -1.000 1.491e-04 1.294 2.510 1.753 1.269 1.102 1.032 1.013
0.000156 -1.99852 10.11394 0.7797153592 2.3894915581    0.777  1.437  3.7238  2.738    3  0.000  0.534     0.00     0.00 -1 -1.65e-11      0.00 7.563e-01 2.435e-01 2.775e-05 7.678e-06 6.932e-05 -1.000 1.559e-04 1.177 2.406 1.642 1.154 0.983 0.912 0.892
0.000156 -1.99852 10.11394 0.7798945904 2.3895580769    0.777  1.486  3.7223  2.684    3  0.000  0.533     0.00     0.00 -1 -1.96e-11      0.00 7.559e-01 2.440e-01 2.773e-05 7.700e-06 6.936e-05 -1.000 1.641e-04 1.056 2.297 1.526 1.033 0.861 0.788 0.768
0.000156 -1.99852 10.11394 0.7800536752 2.3896172047    0.777  1.533  3.7207  2.630    3  0.000  0.533     0.00     0.00 -1 -2.33e-11      0.00 7.555e-01 2.443e-01 2.771e-05 7.721e-06 6.938e-05 -1.000 1.642e-04 0.939 2.192 1.414 0.917 0.742 0.667 0.646
0.000156 -1.99852 10.11394 0.7801950574 2.3896696568    0.776  1.578  3.7192  2.578    3  0.000  0.532     0.00     0.00 -1 -2.75e-11      0.00 7.553e-01 2.446e-01 2.770e-05 7.736e-06 6.940e-05 -1.000 1.641e-04 0.824 2.091 1.306 0.803 0.626 0.550 0.527
0.000156 -1.99852 10.11394 0.7803232074 2.3897171021    0.776  1.624  3.7177  2.527    3  0.000  0.532     0.00     0.00 -1 -3.23e-11      0.00 7.551e-01 2.447e-01 2.769e-05 7.746e-06 6.941e-05 -1.000 1.504e-04 0.711 1.991 1.199 0.692 0.512 0.434 0.411
0.000156 -1.99852 10.11394 0.7804433107 2.3897616863    0.776  1.670  3.7161  2.475    3  0.000  0.532     0.00     0.00 -1 -3.82e-11      0.00 7.550e-01 2.448e-01 2.768e-05 7.752e-06 6.942e-05 -1.000 1.641e-04 0.596 1.891 1.091 0.577 0.395 0.315 0.291
0.000156 -1.99852 10.11394 0.7805494070 2.3898010254    0.776  1.714  3.7145  2.424    3  0.000  0.532     0.00     0.00 -1 -4.49e-11      0.00 7.550e-01 2.448e-01 2.768e-05 7.754e-06 6.942e-05 -1.000 1.642e-04 0.485 1.797 0.986 0.467 0.282 0.200 0.175
0.000156 -1.99852 10.11394 0.7806473374 2.3898372650    0.776  1.759  3.7129  2.372    3  0.000  0.532     0.00     0.00 -1 -5.28e-11      0.00 7.550e-01 2.448e-01 2.768e-05 7.755e-06 6.943e-05 -1.000 1.642e-04 0.373 1.702 0.881 0.355 0.168 0.084 0.059
0.000156 -1.99852 10.11394 0.7807373405 2.3898706436    0.776  1.804  3.7113  2.321    3  0.000  0.532     0.00     0.00 -1 -6.21e-11      0.00 7.550e-01 2.448e-01 2.768e-05 7.755e-06 6.943e-05 -1.000 1.642e-04 0.261 1.608 0.776 0.244 0.054 -0.032 -0.058
0.000156 -1.99852 10.11394 0.7808172703 2.3899002075    0.775  1.847  3.7096  2.271    3  0.000  0.532     0.00     0.00 -1 -1.23e-13      0.00 7.550e-01 2.449e-01 2.768e-05 7.756e-06 6.943e-05 -1.000 1.642e-04 0.153 1.518 0.676 0.138 -0.055 -0.143 -0.170
0.000156 -1.99852 10.11394 0.7808911204 2.3899276257    0.775  1.890  3.7081  2.222    3  0.000  0.532     0.00     0.00 -1 -3.41e-15      0.00 7.550e-01 2.449e-01 2.768e-05 7.756e-06 6.943e-05 -1.000 1.642e-04 0.046 1.430 0.576 0.031 -0.164 -0.254 -0.282
0.000156 -1.99852 10.11394 0.7809620500 2.3899538517    0.775  1.934  3.7064  2.171    3  0.000  0.532     0.00     0.00 -1  -1.7e-15      0.00 7.550e-01 2.449e-01 2.768e-05 7.756e-06 6.943e-05 -1.000 1.642e-04 -0.066 1.338 0.473 -0.079 -0.277 -0.369 -0.398
0.000156 -1.99852 10.11394 0.7810228467 2.3899762630    0.775  1.976  3.7047  2.123    3  0.000  0.532     0.00     0.00 -1 -1.97e-15      0.00 7.550e-01 2.449e-01 2.768e-05 7.757e-06 6.943e-05 -1.000 1.641e-04 -0.169 1.254 0.378 -0.181 -0.382 -0.476 -0.506
0.000156 -1.99852 10.11394 0.7810789943 2.3899970055    0.775  2.017  3.7032  2.075    3  0.000  0.532     0.00     0.00 -1 -2.28e-15      0.00 7.550e-01 2.449e-01 2.768e-05 7.757e-06 6.943e-05 -1.000 1.642e-04 -0.272 1.171 0.283 -0.282 -0.487 -0.582 -0.613
0.000156 -1.99852 10.11394 0.7811326981 2.3900170326    0.774  2.059  3.7015  2.026    3  0.000  0.532     0.00     0.00 -1 -2.64e-15      0.00 7.550e-01 2.449e-01 2.768e-05 7.757e-06 6.943e-05 -1.000 1.641e-04 -0.378 1.085 0.186 -0.387 -0.594 -0.691 -0.723
0.000156 -1.99852 10.11394 0.7811795473 2.3900341988    0.774  2.098  3.6999  1.980    3  0.000  0.532     0.00     0.00 -1 -3.03e-15      0.00 7.550e-01 2.449e-01 2.768e-05 7.757e-06 6.943e-05 -1.000 1.642e-04 -0.476 1.008 0.096 -0.483 -0.694 -0.793 -0.826
0.000156 -1.99852 10.11394 0.7812234163 2.3900504112    0.774  2.137  3.6983  1.935    3  0.000  0.532     0.00     0.00 -1 -3.46e-15      0.00 7.549e-01 2.449e-01 2.768e-05 7.758e-06 6.943e-05 -1.000 1.641e-04 -0.572 0.934 0.009 -0.578 -0.791 -0.893 -0.926
0.000156 -1.99852 10.11394 0.7812690735 2.3900673389    0.773  2.174  3.6969  1.892    3  0.000  0.532     0.00     0.00 -1 -3.94e-15      0.00 7.549e-01 2.449e-01 2.768e-05 7.758e-06 6.943e-05 -1.000 1.641e-04 -0.665 0.862 -0.076 -0.670 -0.886 -0.989 -1.023
0.000156 -1.99852 10.11394 0.7813196778 2.3900861740    0.773  2.203  3.6957  1.857    3  0.000  0.532     0.00     0.00 -1 -4.42e-15      0.00 7.549e-01 2.449e-01 2.768e-05 7.758e-06 6.943e-05 -1.000 1.642e-04 -0.739 0.806 -0.143 -0.742 -0.960 -1.065 -1.100
0.000156 -1.99852 10.11394 0.7813441157 2.3900952339    0.772  2.197  3.6962  1.865    3  0.000  0.532     0.00     0.00 -1 -4.43e-15      0.00 7.549e-01 2.449e-01 2.768e-05 7.758e-06 6.944e-05 -1.000 1.642e-04 -0.723 0.815 -0.130 -0.727 -0.945 -1.049 -1.083
0.000156 -1.99852 10.11394 0.7813501358 2.3900973797    0.772  2.204  3.6959  1.858    3  0.000  0.532     0.00     0.00 -1 -4.52e-15      0.00 7.549e-01 2.449e-01 2.768e-05 7.758e-06 6.944e-05 -1.000 1.642e-04 -0.739 0.803 -0.145 -0.743 -0.961 -1.066 -1.100
0.000156 -1.99852 10.11394 0.7813835144 2.3901097775    0.772  2.245  3.6940  1.809    3  0.000  0.532     0.00     0.00 -1 -5.14e-15      0.00 7.549e-01 2.449e-01 2.768e-05 7.758e-06 6.944e-05 -1.000 1.642e-04 -0.843 0.726 -0.237 -0.845 -1.066 -1.173 -1.208
0.000156 -1.99852 10.11394 0.7814171910 2.3901221752    0.772  2.289  3.6923  1.757    3  0.000  0.532     0.00     0.00 -1 -5.92e-15      0.00 7.549e-01 2.449e-01 2.768e-05 7.759e-06 6.944e-05 -1.000 1.641e-04 -0.952 0.643 -0.337 -0.953 -1.177 -1.286 -1.323
0.000156 -1.99852 10.11394 0.7814458609 2.3901326656    0.771  2.329  3.6904  1.710    3  0.000  0.532     0.00     0.00 -1 -6.74e-15      0.00 7.549e-01 2.449e-01 2.768e-05 7.759e-06 6.944e-05 -1.000 1.641e-04 -1.052 0.571 -0.425 -1.050 -1.278 -1.390 -1.428
0.000156 -1.99852 10.11394 0.7814739943 2.3901431561    0.771  2.371  3.6885  1.660    3  0.000  0.532     0.00     0.00 -1 -7.71e-15      0.00 7.549e-01 2.449e-01 2.768e-05 7.759e-06 6.944e-05 -1.000 1.641e-04 -1.157 0.497 -0.518 -1.152 -1.384 -1.498 -1.537
0.000156 -1.99852 10.11394 0.7815002799 2.3901529312    0.770  2.413  3.6867  1.611    3  0.000  0.532     0.00     0.00 -1 -8.81e-15      0.00 7.549e-01 2.449e-01 2.768e-05 7.759e-06 6.944e-05 -1.000 1.642e-04 -1.262 0.421 -0.611 -1.255 -1.490 -1.606 -1.646
0.000156 -1.99852 10.11394 0.7815232873 2.3901615143    0.769  2.452  3.6848  1.563    3  0.000  0.532     0.00     0.00 -1 -9.99e-15      0.00 7.549e-01 2.449e-01 2.768e-05 7.759e-06 6.944e-05 -1.000 1.641e-04 -1.360 0.362 -0.695 -1.351 -1.590 -1.709 -1.750
0.000156 -1.99852 10.11394 0.7815460563 2.3901698589    0.769  2.494  3.6829  1.513    3  0.000  0.532     0.00     0.00 -1 -1.14e-14      0.00 7.549e-01 2.449e-01 2.768e-05 7.759e-06 6.944e-05 -1.000 1.641e-04 -1.465 0.305 -0.785 -1.455 -1.698 -1.819 -1.861
0.000156 -1.99852 10.11394 0.7815663218 2.3901772499    0.768  2.534  3.6810  1.465    3  0.000  0.532     0.00     0.00 -1 -1.29e-14      0.00 7.549e-01 2.449e-01 2.768e-05 7.759e-06 6.944e-05 -1.000 1.642e-04 -1.565 0.257 -0.869 -1.554 -1.801 -1.924 -1.967
0.000156 -1.99852 10.11394 0.7815851569 2.3901841640    0.767  2.574  3.6791  1.417    3  0.000  0.532     0.00     0.00 -1 -1.46e-14      0.00 7.549e-01 2.449e-01 2.768e-05 7.759e-06 6.944e-05 -1.000 1.641e-04 -1.665 0.216 -0.950 -1.652 -1.903 -2.029 -2.074
0.000156 -1.99852 10.11394 0.7816031575 2.3901908398    0.766  2.614  3.6772  1.369    3  0.000  0.532     0.00     0.00 -1 -1.65e-14      0.00 7.549e-01 2.449e-01 2.768e-05 7.759e-06 6.944e-05 -1.000 1.642e-04 -1.766 0.177 -1.031 -1.751 -2.007 -2.136 -2.181
0.000156 -1.99852 10.11394 0.7816224694 2.3901979923    0.765  2.661  3.6748  1.311    3  0.000  0.532     0.00     0.00 -1 -1.91e-14      0.00 7.549e-01 2.449e-01 2.768e-05 7.760e-06 6.944e-05 -1.000 1.641e-04 -1.884 0.143 -1.121 -1.866 -2.128 -2.261 -2.307
0.000156 -1.99852 10.11394 0.7816380858 2.3902039528    0.764  2.702  3.6728  1.262    3  0.000  0.532     0.00     0.00 -1 -2.17e-14      0.00 7.549e-01 2.449e-01 2.768e-05 7.760e-06 6.944e-05 -1.000 1.642e-04 -1.986 0.114 -1.200 -1.966 -2.233 -2.368 -2.416
0.000156 -1.99852 10.11394 0.7816541195 2.3902096748    0.763  2.748  3.6704  1.206    3  0.000  0.532     0.00     0.00 -1 -2.49e-14      0.00 7.549e-01 2.449e-01 2.768e-05 7.760e-06 6.944e-05 -1.000 1.642e-04 -2.099 0.096 -1.281 -2.076 -2.350 -2.489 -2.538
0.000156 -1.99852 10.11394 0.7816673517 2.3902146816    0.762  2.788  3.6685  1.158    3  0.000  0.532     0.00     0.00 -1 -2.81e-14      0.00 7.549e-01 2.449e-01 2.768e-05 7.760e-06 6.944e-05 -1.000 1.641e-04 -2.200 0.076 -1.355 -2.174 -2.453 -2.595 -2.646
0.000156 -1.99852 10.11394 0.7816808224 2.3902196884    0.760  2.832  3.6659  1.103    3  0.000  0.532     0.00     0.00 -1 -3.21e-14      0.00 7.549e-01 2.449e-01 2.768e-05 7.760e-06 6.944e-05 -1.000 1.642e-04 -2.309 0.079 -1.426 -2.278 -2.565 -2.711 -2.764
0.000156 -1.99852 10.11394 0.7816920280 2.3902237415    0.759  2.871  3.6640  1.056    3  0.000  0.532     0.00     0.00 -1 -3.61e-14      0.00 7.549e-01 2.449e-01 2.768e-05 7.760e-06 6.944e-05 -1.000 1.641e-04 -2.407 0.071 -1.493 -2.371 -2.665 -2.814 -2.868
0.000156 -1.99852 10.11394 0.7817037702 2.3902280331    0.757  2.915  3.6615  1.000    3  0.000  0.532     0.00     0.00 -1 -4.12e-14      0.00 7.549e-01 2.449e-01 2.768e-05 7.760e-06 6.944e-05 -1.000 1.642e-04 -2.516 0.090 -1.558 -2.475 -2.778 -2.931 -2.987
0.000156 -1.99852 10.11394 0.7817156911 2.3902325630    0.755  2.962  3.6590  0.941    3  0.000  0.532     0.00     0.00 -1 -4.75e-14      0.00 7.549e-01 2.449e-01 2.768e-05 7.760e-06 6.944e-05 -1.000 1.642e-04 -2.636 0.113 -1.625 -2.587 -2.901 -3.059 -3.116
0.000156 -1.99852 10.11394 0.7817254066 2.3902361393    0.753  3.004  3.6564  0.888    3  0.000  0.532     0.00     0.00 -1 -5.39e-14      0.00 7.549e-01 2.449e-01 2.768e-05 7.760e-06 6.944e-05 -1.000 1.641e-04 -2.741 0.125 -1.682 -2.681 -3.005 -3.168 -3.228
0.000156 -1.99852 10.11394 0.7817336917 2.3902392387    0.751  3.042  3.6544  0.841    3  0.000  0.532     0.00     0.00 -1 -6.04e-14      0.00 7.549e-01 2.449e-01 2.768e-05 7.760e-06 6.944e-05 -1.000 1.642e-04 -2.836 0.112 -1.740 -2.766 -3.099 -3.266 -3.327
0.000156 -1.99852 10.11394 0.7817422748 2.3902423382    0.749  3.084  3.6519  0.788    3  0.000  0.532     0.00     0.00 -1 -6.84e-14      0.00 7.549e-01 2.449e-01 2.768e-05 7.760e-06 6.944e-05 -1.000 1.642e-04 -2.940 0.107 -1.800 -2.859 -3.201 -3.374 -3.437
0.000156 -1.99852 10.11394 0.7817510366 2.3902456760    0.746  3.130  3.6493  0.730    3  0.000  0.532     0.00     0.00 -1 -7.83e-14      0.00 7.549e-01 2.449e-01 2.768e-05 7.760e-06 6.944e-05 -1.000 1.642e-04 -3.054 0.096 -1.868 -2.960 -3.313 -3.491 -3.557
0.000156 -1.99852 10.11394 0.7817584276 2.3902482986    0.743  3.171  3.6468  0.677    3  0.000  0.532     0.00     0.00 -1 -8.86e-14      0.00 7.549e-01 2.449e-01 2.768e-05 7.760e-06 6.944e-05 -1.000 1.642e-04 -3.157 0.091 -1.925 -3.050 -3.413 -3.596 -3.664
0.000156 -1.99852 10.11394 0.7817658186 2.3902509212    0.739  3.214  3.6443  0.622    3  0.000  0.532     0.00     0.00 -1 -1.01e-13      0.00 7.549e-01 2.449e-01 2.768e-05 7.760e-06 6.944e-05 -1.000 1.642e-04 -3.265 0.084 -1.986 -3.144 -3.518 -3.706 -3.776
0.000156 -1.99852 10.11394 0.7817726731 2.3902535439    0.736  3.255  3.6418  0.569    3  0.000  0.532     0.00     0.00 -1 -1.14e-13      0.00 7.549e-01 2.449e-01 2.768e-05 7.760e-06 6.944e-05 -1.000 1.642e-04 -3.367 0.081 -2.040 -3.232 -3.616 -3.810 -3.882
0.000156 -1.99852 10.11394 0.7817745805 2.3902542591    0.735  3.265  3.6413  0.556    3  0.000  0.532     0.00     0.00 -1 -1.18e-13      0.00 7.549e-01 2.449e-01 2.768e-05 7.760e-06 6.944e-05 -1.000 1.641e-04 -3.392 0.079 -2.054 -3.254 -3.641 -3.836 -3.909
0.000156 -1.99852 10.11394 0.7817745805 2.3902542591    0.721  1.653  3.9334  3.329    4  0.000  0.532     0.00     0.00 -1    -1e-30      0.00 7.549e-01 2.450e-01 2.768e-05 7.763e-06 6.945e-05 -1.000 1.642e-04 0.639 1.023 0.593 0.813 1.001 1.068 1.111
0.000156 -1.99852 10.11394 0.7817759514 2.3902547359    0.721  1.661  3.9284  3.300    4  0.000  0.532     0.00     0.00 -1    -1e-30      0.00 7.549e-01 2.450e-01 2.768e-05 7.763e-06 6.945e-05 -1.000 1.641e-04 0.617 1.001 0.563 0.774 0.956 1.020 1.062
0.000156 -1.99852 10.11394 0.7818247676 2.3902728558    0.721  1.676  3.9211  3.256    4  0.000  0.532     0.00     0.00 -1    -1e-30      0.00 7.549e-01 2.450e-01 2.768e-05 7.763e-06 6.945e-05 -1.000 1.642e-04 0.580 0.965 0.518 0.714 0.887 0.948 0.988
0.000156 -1.99852 10.11394 0.7818747759 2.3902912140    0.721  1.677  3.9213  3.256    4  0.000  0.532     0.00     0.00 -1    -1e-30      0.00 7.549e-01 2.450e-01 2.768e-05 7.763e-06 6.945e-05 -1.000 1.642e-04 0.578 0.963 0.516 0.713 0.886 0.947 0.987
0.000156 -1.99852 10.11394 0.7819263339 2.3903102875    0.721  1.677  3.9219  3.259    4  0.000  0.532     0.00     0.00 -1    -1e-30      0.00 7.549e-01 2.450e-01 2.768e-05 7.763e-06 6.945e-05 -1.000 1.642e-04 0.578 0.963 0.517 0.715 0.889 0.950 0.991
0.000156 -1.99852 10.11394 0.7819781899 2.3903295994    0.721  1.677  3.9224  3.261    4  0.000  0.532     0.00     0.00 -1    -1e-30      0.00 7.549e-01 2.450e-01 2.768e-05 7.763e-06 6.945e-05 -1.000 1.641e-04 0.579 0.963 0.518 0.717 0.892 0.953 0.994
0.000156 -1.99852 10.11394 0.7820301056 2.3903486729    0.721  1.676  3.9226  3.262    4  0.000  0.532     0.00     0.00 -1    -1e-30      0.00 7.549e-01 2.450e-01 2.768e-05 7.763e-06 6.945e-05 -1.000 1.642e-04 0.579 0.963 0.519 0.718 0.893 0.955 0.995
0.000156 -1.99852 10.11394 0.7820825577 2.3903679848    0.721  1.677  3.9226  3.262    4  0.000  0.532     0.00     0.00 -1    -1e-30      0.00 7.549e-01 2.450e-01 2.768e-05 7.763e-06 6.945e-05 -1.000 1.642e-04 0.579 0.963 0.519 0.718 0.893 0.955 0.995
0.000156 -1.99852 10.11394 0.7821358442 2.3903877735    0.721  1.677  3.9223  3.260    4  0.000  0.532     0.00     0.00 -1    -1e-30      0.00 7.549e-01 2.450e-01 2.768e-05 7.763e-06 6.945e-05 -1.000 1.642e-04 0.578 0.963 0.518 0.716 0.891 0.953 0.993
0.000156 -1.99852 10.11394 0.7821889520 2.3904073238    0.721  1.677  3.9217  3.258    4  0.000  0.532     0.00     0.00 -1    -1e-30      0.00 7.549e-01 2.450e-01 2.768e-05 7.763e-06 6.945e-05 -1.000 1.642e-04 0.577 0.962 0.516 0.714 0.888 0.949 0.989
0.000156 -1.99852 10.11394 0.7822394371 2.3904259205    0.721  1.678  3.9206  3.253    4  0.000  0.532     0.00     0.00 -1    -1e-30      0.00 7.549e-01 2.450e-01 2.768e-05 7.763e-06 6.945e-05 -1.000 1.642e-04 0.575 0.961 0.513 0.708 0.881 0.941 0.982
0.000156 -1.99852 10.11394 0.7822904587 2.3904447556    0.721  1.679  3.9192  3.246    4  0.000  0.532     0.00     0.00 -1    -1e-30      0.00 7.549e-01 2.450e-01 2.768e-05 7.763e-06 6.945e-05 -1.000 1.642e-04 0.573 0.959 0.510 0.701 0.872 0.932 0.972
0.000156 -1.99852 10.11394 0.7823403478 2.3904631138    0.721  1.680  3.9174  3.237    4  0.000  0.532     0.00     0.00 -1    -1e-30      0.00 7.549e-01 2.450e-01 2.768e-05 7.763e-06 6.945e-05 -1.000 1.642e-04 0.570 0.958 0.506 0.693 0.861 0.921 0.960
0.000156 -1.99852 10.11394 0.7823905945 2.3904817104    0.721  1.682  3.9150  3.227    4  0.000  0.532     0.00     0.00 -1    -1e-30      0.00 7.549e-01 2.450e-01 2.768e-05 7.763e-06 6.945e-05 -1.000 1.642e-04 0.566 0.955 0.501 0.682 0.848 0.906 0.945
0.000156 -1.99852 10.11394 0.7824392319 2.3904995918    0.721  1.684  3.9122  3.213    4  0.000  0.532     0.00     0.00 -1    -1e-30      0.00 7.549e-01 2.450e-01 2.768e-05 7.763e-06 6.945e-05 -1.000 1.642e-04 0.561 0.953 0.494 0.669 0.831 0.888 0.926
0.000156 -1.99852 10.11394 0.7824884057 2.3905177116    0.721  1.686  3.9088  3.197    4  0.000  0.532     0.00     0.00 -1    -1e-30      0.00 7.549e-01 2.450e-01 2.768e-05 7.763e-06 6.945e-05 -1.000 1.642e-04 0.555 0.950 0.488 0.654 0.811 0.866 0.904
0.000156 -1.99852 10.11394 0.7825369239 2.3905355930    0.721  1.689  3.9048  3.179    4  0.000  0.532     0.00     0.00 -1    -1e-30      0.00 7.549e-01 2.450e-01 2.768e-05 7.763e-06 6.945e-05 -1.000 1.642e-04 0.548 0.948 0.481 0.637 0.788 0.842 0.879
0.000156 -1.99852 10.11394 0.7825898528 2.3905551434    0.721  1.692  3.9000  3.156    4  0.000  0.532     0.00     0.00 -1    -1e-30      0.00 7.549e-01 2.450e-01 2.768e-05 7.763e-06 6.945e-05 -1.000 1.642e-04 0.540 0.946 0.473 0.615 0.759 0.812 0.848
0.000156 -1.99852 10.11394 0.7826387882 2.3905732632    0.722  1.695  3.8950  3.133    4  0.000  0.532     0.00     0.00 -1    -1e-30      0.00 7.549e-01 2.450e-01 2.768e-05 7.763e-06 6.945e-05 -1.000 1.642e-04 0.531 0.946 0.469 0.595 0.731 0.782 0.817
0.000156 -1.99852 10.11394 0.7826889753 2.3905916214    0.722  1.699  3.8891  3.105    4  0.000  0.532     0.00     0.00 -1    -1e-30      0.00 7.549e-01 2.450e-01 2.768e-05 7.763e-06 6.945e-05 -1.000 1.642e-04 0.521 0.947 0.464 0.572 0.699 0.748 0.781
0.000156 -1.99852 10.11394 0.7827379704 2.3906097412    0.722  1.704  3.8830  3.076    4  0.000  0.532     0.00     0.00 -1    -1e-30      0.00 7.549e-01 2.450e-01 2.768e-05 7.763e-06 6.945e-05 -1.000 1.642e-04 0.511 0.950 0.463 0.549 0.666 0.713 0.745
0.000156 -1.99852 10.11394 0.7827866673 2.3906276226    0.722  1.708  3.8762  3.045    4  0.000  0.532     0.00     0.00 -1    -1e-30      0.00 7.549e-01 2.450e-01 2.768e-05 7.763e-06 6.945e-05 -1.000 1.642e-04 0.499 0.955 0.463 0.526 0.630 0.676 0.707
0.000156 -1.99852 10.11394 0.7827960849 2.3906311989    0.722  1.709  3.8749  3.039    4  0.000  0.532     0.00     0.00 -1    -1e-30      0.00 7.549e-01 2.450e-01 2.768e-05 7.763e-06 6.945e-05 -1.000 1.642e-04 0.497 0.956 0.463 0.521 0.624 0.669 0.699
0.000156 -1.99852 10.11394 0.7828204036 2.3906402588    0.722  1.712  3.8715  3.023    4  0.000  0.532     0.00     0.00 -1    -1e-30      0.00 7.549e-01 2.450e-01 2.768e-05 7.763e-06 6.945e-05 -1.000 1.641e-04 0.491 0.959 0.463 0.510 0.606 0.650 0.680
0.000156 -1.99852 10.11394 0.7828708291 2.3906588554    0.722  1.717  3.8642  2.989    4  0.000  0.532     0.00     0.00 -1    -1e-30      0.00 7.549e-01 2.450e-01 2.768e-05 7.763e-06 6.945e-05 -1.000 1.642e-04 0.478 0.965 0.466 0.487 0.570 0.612 0.640
0.000156 -1.99852 10.11394 0.7829190493 2.3906764984    0.722  1.722  3.8568  2.954    4  0.000  0.532     0.00     0.00 -1    -1e-30      0.00 7.549e-01 2.450e-01 2.768e-05 7.763e-06 6.945e-05 -1.000 1.642e-04 0.465 0.972 0.470 0.466 0.535 0.574 0.600
0.000156 -1.99852 10.11394 0.7829682231 2.3906946182    0.722  1.727  3.8488  2.916    4  0.000  0.532     0.00     0.00 -1    -1e-30      0.00 7.549e-01 2.450e-01 2.768e-05 7.763e-06 6.945e-05 -1.000 1.641e-04 0.451 0.981 0.476 0.444 0.499 0.533 0.558
0.000156 -1.99852 10.11394 0.7830120325 2.3907108307    0.722  1.733  3.8413  2.881    4  0.000  0.532     0.00     0.00 -1    -1e-30      0.00 7.549e-01 2.450e-01 2.768e-05 7.763e-06 6.945e-05 -1.000 1.642e-04 0.438 0.991 0.482 0.425 0.465 0.496 0.519
0.000156 -1.99852 10.11394 0.7830473185 2.3907237053    0.722  1.737  3.8351  2.852    4  0.000  0.532     0.00     0.00 -1    -1e-30      0.00 7.549e-01 2.450e-01 2.768e-05 7.763e-06 6.945e-05 -1.000 1.641e-04 0.427 1.000 0.487 0.409 0.438 0.465 0.487
0.000156 -1.99852 10.11394 0.7830924988 2.3907403946    0.722  1.743  3.8265  2.811    4  0.000  0.532     0.00     0.00 -1    -1e-30      0.00 7.549e-01 2.450e-01 2.768e-05 7.763e-06 6.945e-05 -1.000 1.642e-04 0.412 1.014 0.495 0.388 0.401 0.423 0.442
0.000156 -1.99852 10.11394 0.7831369638 2.3907568455    0.722  1.750  3.8181  2.771    4  0.000  0.532     0.00     0.00 -1    -1e-30      0.00 7.549e-01 2.450e-01 2.768e-05 7.763e-06 6.945e-05 -1.000 1.641e-04 0.396 1.030 0.503 0.368 0.366 0.382 0.399
0.000156 -1.99852 10.11394 0.7831818461 2.3907732964    0.722  1.756  3.8102  2.733    4  0.000  0.532     0.00     0.00 -1    -1e-30      0.00 7.549e-01 2.450e-01 2.768e-05 7.763e-06 6.945e-05 -1.000 1.642e-04 0.380 1.046 0.511 0.348 0.332 0.343 0.357
0.000156 -1.99852 10.11394 0.7832267880 2.3907897472    0.722  1.763  3.8026  2.697    4  0.000  0.532     0.00     0.00 -1    -1e-30      0.00 7.549e-01 2.450e-01 2.768e-05 7.763e-06 6.945e-05 -1.000 1.642e-04 0.364 1.064 0.520 0.329 0.300 0.305 0.317
0.000156 -1.99852 10.11394 0.7832720280 2.3908064365    0.722  1.771  3.7944  2.655    4  0.000  0.532     0.00     0.00 -1    -1e-30      0.00 7.549e-01 2.450e-01 2.768e-05 7.763e-06 6.945e-05 -1.000 1.642e-04 0.342 1.082 0.527 0.306 0.262 0.261 0.269
0.000156 -1.99852 10.11394 0.7832810283 2.3908097744    0.722  1.773  3.7928  2.647    4  0.000  0.532     0.00     0.00 -1    -1e-30      0.00 7.549e-01 2.450e-01 2.768e-05 7.763e-06 6.945e-05 -1.000 1.642e-04 0.338 1.086 0.528 0.302 0.255 0.252 0.260
0.000156 -1.99852 10.11394 0.7833274603 2.3908269405    0.722  1.783  3.7849  2.605    4  0.000  0.532     0.00     0.00 -1    -1e-30      0.00 7.549e-01 2.450e-01 2.768e-05 7.763e-06 6.945e-05 -1.000 1.642e-04 0.312 1.101 0.530 0.275 0.214 0.204 0.210
0.000156 -1.99852 10.11394 0.7833731771 2.3908436298    0.722  1.799  3.7757  2.553    4  0.000  0.532     0.00     0.00 -1    -1e-30      0.00 7.549e-01 2.450e-01 2.768e-05 7.763e-06 6.945e-05 -1.000 1.642e-04 0.273 1.113 0.524 0.236 0.159 0.141 0.143
0.000156 -1.99852 10.11394 0.7834116817 2.3908579350    0.722  1.825  3.7642  2.480    4  0.000  0.532     0.00     0.00 -1    -1e-30      0.00 7.549e-01 2.450e-01 2.768e-05 7.763e-06 6.945e-05 -1.000 1.642e-04 0.207 1.117 0.500 0.170 0.073 0.044 0.041
0.000156 -1.99852 10.11394 0.7834325433 2.3908655643    0.722  1.858  3.7534  2.405    4  0.000  0.532     0.00     0.00 -1    -1e-30      0.00 7.549e-01 2.450e-01 2.768e-05 7.763e-06 6.945e-05 -1.000 1.642e-04 0.125 1.106 0.458 0.090 -0.026 -0.066 -0.073
0.000156 -1.99852 10.11394 0.7834419608 2.3908691406    0.722  1.892  3.7445  2.335    4  0.000  0.532     0.00     0.00 -1    -1e-30      0.00 7.549e-01 2.450e-01 2.768e-05 7.763e-06 6.945e-05 -1.000 1.642e-04 0.040 1.084 0.407 0.007 -0.124 -0.173 -0.184
0.000156 -1.99852 10.11394 0.7834461331 2.3908705711    0.722  1.929  3.7368  2.267    4  0.000  0.532     0.00     0.00 -1    -1e-30      0.00 7.549e-01 2.450e-01 2.768e-05 7.763e-06 6.945e-05 -1.000 1.642e-04 -0.051 1.054 0.346 -0.082 -0.227 -0.284 -0.298
0.000156 -1.99852 10.11394 0.7834481597 2.3908712864    0.722  1.964  3.7309  2.209    4  0.000  0.532     0.00     0.00 -1    -1e-30      0.00 7.549e-01 2.450e-01 2.768e-05 7.763e-06 6.945e-05 -1.000 1.641e-04 -0.139 1.016 0.282 -0.169 -0.323 -0.387 -0.404
0.000156 -1.99852 10.11394 0.7834489346 2.3908715248    0.722  1.987  3.7277  2.173    7  0.000  0.532     0.00     0.00 -1    -1e-30      0.00 7.549e-01 2.450e-01 2.768e-05 7.763e-06 6.945e-05 -1.000 1.642e-04 -0.197 0.988 0.238 -0.225 -0.385 -0.452 -0.471
0.000156 -1.99852 10.11394 0.7834491730 2.3908717632    0.722  1.997  3.7266  2.158    7  0.000  0.532     0.00     0.00 -1    -1e-30      0.00 7.549e-01 2.450e-01 2.768e-05 7.763e-06 6.945e-05 -1.000 1.641e-04 -0.222 0.973 0.217 -0.250 -0.412 -0.481 -0.500
0.000156 -1.99852 10.11394 0.7834501266 2.3908720016    0.722  2.037  3.7224  2.101    7  0.000  0.532     0.00     0.00 -1    -1e-30      0.00 7.549e-01 2.450e-01 2.768e-05 7.763e-06 6.945e-05 -1.000 1.642e-04 -0.324 0.911 0.133 -0.350 -0.519 -0.592 -0.613
0.000156 -1.99852 10.11394 0.7834509611 2.3908724785    0.722  2.078  3.7188  2.046    7  0.000  0.532     0.00     0.00 -1    -1e-30      0.00 7.549e-01 2.450e-01 2.768e-05 7.763e-06 6.945e-05 -1.000 1.642e-04 -0.426 0.845 0.047 -0.450 -0.625 -0.702 -0.725
0.000156 -1.99852 10.11394 0.7834517956 2.3908727169    0.722  2.119  3.7155  1.992    7  0.000  0.532     0.00     0.00 -1    -1e-30      0.00 7.549e-01 2.450e-01 2.768e-05 7.763e-06 6.945e-05 -1.000 1.642e-04 -0.526 0.779 -0.038 -0.549 -0.730 -0.811 -0.835
0.000156 -1.99852 10.11394 0.7834525704 2.3908729553    0.722  2.155  3.7128  1.945    7  0.000  0.532     0.00     0.00 -1    -1e-30      0.00 7.549e-01 2.450e-01 2.768e-05 7.763e-06 6.945e-05 -1.000 1.641e-04 -0.618 0.718 -0.117 -0.639 -0.825 -0.909 -0.935
0.000156 -1.99852 10.11394 0.7834539413 2.3908734322    0.722  2.182  3.7111  1.911    7  0.000  0.532     0.00     0.00 -1    -1e-30      0.00 7.549e-01 2.450e-01 2.768e-05 7.763e-06 6.945e-05 -1.000 1.641e-04 -0.684 0.672 -0.174 -0.705 -0.894 -0.980 -1.007
0.000156 -1.99852 10.11394 0.7834564447 2.3908743858    0.722  2.154  3.7132  1.948    7  0.000  0.532     0.00     0.00 -1    -1e-30      0.00 7.549e-01 2.450e-01 2.768e-05 7.763e-06 6.945e-05 -1.000 1.642e-04 -0.615 0.716 -0.116 -0.637 -0.822 -0.906 -0.931
0.000156 -1.99852 10.11394 0.7834722996 2.3908801079    0.722  2.140  3.7139  1.965    7  0.000  0.532     0.00     0.00 -1    -1e-30      0.00 7.549e-01 2.450e-01 2.768e-05 7.763e-06 6.945e-05 -1.000 1.642e-04 -0.579 0.745 -0.083 -0.601 -0.785 -0.868 -0.893
0.000156 -1.99852 10.11394 0.7834871411 2.3908855915    0.722  2.166  3.7117  1.930    7  0.000  0.532     0.00     0.00 -1    -1e-30      0.00 7.549e-01 2.450e-01 2.768e-05 7.763e-06 6.945e-05 -1.000 1.641e-04 -0.644 0.705 -0.137 -0.665 -0.853 -0.938 -0.965
0.000156 -1.99852 10.11394 0.7835052013 2.3908922672    0.722  2.213  3.7083  1.869    7  0.000  0.532     0.00     0.00 -1    -1e-30      0.00 7.549e-01 2.450e-01 2.768e-05 7.763e-06 6.945e-05 -1.000 1.642e-04 -0.762 0.629 -0.238 -0.780 -0.975 -1.064 -1.092
0.000156 -1.99852 10.11394 0.7835224867 2.3908987045    0.722  2.254  3.7055  1.817    7  0.000  0.532     0.00     0.00 -1    -1e-30      0.00 7.549e-01 2.450e-01 2.768e-05 7.763e-06 6.945e-05 -1.000 1.642e-04 -0.865 0.561 -0.326 -0.881 -1.080 -1.173 -1.203
0.000156 -1.99852 10.11394 0.7835383415 2.3909044266    0.722  2.295  3.7029  1.766    7  0.000  0.532     0.00     0.00 -1    -1e-30      0.00 7.549e-01 2.450e-01 2.768e-05 7.763e-06 6.945e-05 -1.000 1.642e-04 -0.967 0.493 -0.414 -0.981 -1.185 -1.281 -1.312
0.000156 -1.99852 10.11394 0.7835526466 2.3909096718    0.722  2.336  3.7004  1.715    7  0.000  0.532     0.00     0.00 -1    -1e-30      0.00 7.549e-01 2.450e-01 2.767e-05 7.763e-06 6.945e-05 -1.000 1.641e-04 -1.069 0.425 -0.502 -1.081 -1.290 -1.389 -1.421
0.000156 -1.99852 10.11394 0.7835653424 2.3909144402    0.723  2.376  3.6979  1.664    7  0.000  0.531     0.00     0.00 -1    -1e-30      0.00 7.549e-01 2.450e-01 2.766e-05 7.765e-06 6.945e-05 -1.000 1.634e-04 -1.171 0.357 -0.590 -1.181 -1.394 -1.497 -1.530
0.000156 -1.99852 10.11394 0.7835764885 2.3909184933    0.723  2.417  3.6955  1.614    7  0.000  0.530     0.00     0.00 -1    -1e-30      0.00 7.549e-01 2.449e-01 2.761e-05 7.779e-06 6.945e-05 -1.000 1.638e-04 -1.273 0.291 -0.677 -1.280 -1.498 -1.603 -1.638
0.000156 -1.99852 10.11394 0.7835863233 2.3909220695    0.723  2.458  3.6931  1.564    7  0.000  0.526     0.00     0.00 -1    -1e-30      0.00 7.549e-01 2.449e-01 2.743e-05 7.886e-06 6.945e-05 -1.000 1.633e-04 -1.374 0.224 -0.764 -1.378 -1.601 -1.709 -1.746
0.000156 -1.99852 10.11394 0.7835952044 2.3909254074    0.723  2.498  3.6908  1.514    7  0.000  0.516     0.00     0.00 -1    -1e-30      0.00 7.549e-01 2.450e-01 2.695e-05 8.325e-06 6.945e-05 -1.000 1.641e-04 -1.476 0.158 -0.851 -1.477 -1.704 -1.816 -1.853
0.000156 -1.99852 10.11394 0.7836033106 2.3909285069    0.723  2.539  3.6884  1.464    7  0.000  0.502     0.00     0.00 -1    -1e-30      0.00 7.548e-01 2.450e-01 2.622e-05 9.151e-06 6.945e-05 -1.000 1.641e-04 -1.577 0.095 -0.936 -1.574 -1.806 -1.921 -1.960
0.000156 -1.99852 10.11394 0.7836107612 2.3909311295    0.723  2.579  3.6861  1.414    7  0.000  0.486     0.00     0.00 -1    -1e-30      0.00 7.547e-01 2.451e-01 2.543e-05 1.011e-05 6.945e-05 -1.000 1.642e-04 -1.677 0.034 -1.020 -1.671 -1.908 -2.025 -2.066
0.000156 -1.99852 10.11394 0.7836177349 2.3909337521    0.723  2.619  3.6838  1.365    7  0.000  0.473     0.00     0.00 -1    -1e-30      0.00 7.546e-01 2.452e-01 2.472e-05 1.098e-05 6.946e-05 -1.000 1.392e-04 -1.777 -0.006 -1.100 -1.769 -2.011 -2.132 -2.173
0.000156 -1.99852 10.11394 0.7836242318 2.3909361362    0.723  2.659  3.6814  1.316    7  0.000  0.461     0.00     0.00 -1    -1e-30      0.00 7.545e-01 2.454e-01 2.411e-05 1.174e-05 6.946e-05 -1.000 1.248e-04 -1.877 -0.038 -1.179 -1.867 -2.115 -2.238 -2.281
0.000156 -1.99852 10.11394 0.7836304903 2.3909385204    0.723  2.698  3.6791  1.267    7  0.000  0.450     0.00     0.00 -1    -1e-30      0.00 7.543e-01 2.456e-01 2.356e-05 1.241e-05 6.947e-05 -1.000 1.642e-04 -1.976 -0.065 -1.255 -1.965 -2.218 -2.345 -2.389
0.000156 -1.99852 10.11394 0.7836364508 2.3909406662    0.723  2.738  3.6767  1.217    7  0.000  0.441     0.00     0.00 -1    -1e-30      0.00 7.541e-01 2.457e-01 2.309e-05 1.299e-05 6.946e-05 -1.000 1.642e-04 -2.076 -0.084 -1.328 -2.062 -2.321 -2.451 -2.497
0.000156 -1.99852 10.11394 0.7836421728 2.3909428120    0.723  2.779  3.6743  1.167    7  0.000  0.433     0.00     0.00 -1    -1e-30      0.00 7.539e-01 2.460e-01 2.267e-05 1.350e-05 6.944e-05 -1.000 1.641e-04 -2.178 -0.097 -1.401 -2.161 -2.426 -2.560 -2.607
0.000156 -1.99852 10.11394 0.7836471200 2.3909444809    0.723  2.820  3.6718  1.116    7  0.000  0.426     0.00     0.00 -1    -1e-30      0.00 7.536e-01 2.462e-01 2.230e-05 1.396e-05 6.941e-05 -1.000 1.641e-04 -2.280 -0.104 -1.471 -2.260 -2.532 -2.669 -2.718
0.000156 -1.99852 10.11394 0.7836512923 2.3909461498    0.723  2.861  3.6693  1.065    7  0.000  0.421     0.00     0.00 -1    -1e-30      0.00 7.534e-01 2.464e-01 2.199e-05 1.435e-05 6.934e-05 -1.000 1.641e-04 -2.381 -0.102 -1.538 -2.358 -2.637 -2.778 -2.829
0.000156 -1.99852 10.11394 0.7836548090 2.3909473419    0.723  2.902  3.6667  1.014    7  0.000  0.416     0.00     0.00 -1    -1e-30      0.00 7.532e-01 2.466e-01 2.173e-05 1.471e-05 6.925e-05 -1.000 1.471e-04 -2.484 -0.091 -1.602 -2.455 -2.743 -2.888 -2.940
0.000156 -1.99852 10.11394 0.7836580276 2.3909485340    0.723  2.942  3.6642  0.964    7  0.000  0.413     0.00     0.00 -1    -1e-30      0.00 7.530e-01 2.469e-01 2.150e-05 1.504e-05 6.911e-05 -1.000 1.126e-04 -2.585 -0.066 -1.659 -2.550 -2.847 -2.996 -3.050
0.000156 -1.99852 10.11394 0.7836613059 2.3909497261    0.723  2.985  3.6614  0.910    7  0.000  0.410     0.00     0.00 -1    -1e-30      0.00 7.528e-01 2.471e-01 2.132e-05 1.534e-05 6.896e-05 -1.000 1.641e-04 -2.692 -0.027 -1.713 -2.649 -2.957 -3.111 -3.167
0.000156 -1.99852 10.11394 0.7836642861 2.3909509182    0.723  3.028  3.6587  0.856    7  0.000  0.409     0.00     0.00 -1    -1e-30      0.00 7.525e-01 2.473e-01 2.117e-05 1.562e-05 6.879e-05 -1.000 1.640e-04 -2.799 0.023 -1.762 -2.748 -3.067 -3.227 -3.285
0.000156 -1.99852 10.11394 0.7836656570 2.3909513950    0.723  3.051  3.6572  0.826    7  0.000  0.408     0.00     0.00 -1    -1e-30      0.00 7.524e-01 2.474e-01 2.110e-05 1.577e-05 6.870e-05 -1.000 1.641e-04 -2.858 0.035 -1.791 -2.799 -3.125 -3.288 -3.348
0.000156 -1.99852 10.11394 0.7836661339 2.3909516335    0.723  3.056  3.6568  0.820    7  0.000  0.408     0.00     0.00 -1    -1e-30      0.00 7.524e-01 2.475e-01 2.108e-05 1.582e-05 6.867e-05 -1.000 1.642e-04 -2.871 0.035 -1.798 -2.811 -3.138 -3.302 -3.362
0.000156 -1.99852 10.11394 0.7836661935 2.3909516335    0.723  3.054  3.6569  0.822    7  0.000  0.408     0.00     0.00 -1    -1e-30      0.00 7.524e-01 2.475e-01 2.108e-05 1.582e-05 6.867e-05 -1.000 1.642e-04 -2.866 0.035 -1.796 -2.807 -3.134 -3.297 -3.357
0.000156 -1.99852 10.11394 0.7836662531 2.3909516335    0.723  3.054  3.6570  0.823    7  0.000  0.408     0.00     0.00 -1    -1e-30      0.00 7.524e-01 2.475e-01 2.108e-05 1.583e-05 6.866e-05 -1.000 1.641e-04 -2.864 0.035 -1.794 -2.805 -3.132 -3.295 -3.354
0.000156 -1.99852 10.11394 0.7836663723 2.3909516335    0.723  3.058  3.6567  0.818    7  0.000  0.408     0.00     0.00 -1    -1e-30      0.00 7.524e-01 2.475e-01 2.107e-05 1.584e-05 6.866e-05 -1.000 1.642e-04 -2.875 0.034 -1.801 -2.815 -3.142 -3.306 -3.366
0.000156 -1.99852 10.11394 0.7836664319 2.3909516335    0.723  3.062  3.6565  0.813    7  0.000  0.408     0.00     0.00 -1    -1e-30      0.00 7.524e-01 2.475e-01 2.107e-05 1.584e-05 6.865e-05 -1.000 1.642e-04 -2.884 0.034 -1.806 -2.823 -3.151 -3.316 -3.375
0.000156 -1.99852 10.11394 0.7836666107 2.3909516335    0.723  3.067  3.6562  0.807    7  0.000  0.407     0.00     0.00 -1    -1e-30      0.00 7.524e-01 2.475e-01 2.106e-05 1.586e-05 6.864e-05 -1.000 1.642e-04 -2.897 0.033 -1.813 -2.834 -3.164 -3.329 -3.389
0.000156 -1.99852 10.11394 0.7836667895 2.3909518719    0.723  3.081  3.6553  0.789    7  0.000  0.407     0.00     0.00 -1    -1e-30      0.00 7.521e-01 2.477e-01 2.099e-05 1.611e-05 6.846e-05 -1.000 1.641e-04 -2.933 0.031 -1.835 -2.867 -3.200 -3.366 -3.427
0.000156 -1.99852 10.11394 0.7836671472 2.3909518719    0.723  3.130  3.6519  0.726    7  0.000  0.406     0.00     0.00 -1    -1e-30      0.00 7.519e-01 2.480e-01 2.085e-05 1.652e-05 6.817e-05 -1.000 1.642e-04 -3.056 0.035 -1.900 -2.973 -3.319 -3.493 -3.557
0.000156 -1.99852 10.11394 0.7836676836 2.3909521103    0.723  3.197  3.6471  0.640    7  0.523  0.404     0.00     0.00 -1    -1e-30      0.00 7.513e-01 2.485e-01 2.054e-05 1.744e-05 6.752e-05 -1.000 1.642e-04 -3.223 0.045 -1.985 -3.117 -3.481 -3.665 -3.732
0.000156 -1.99852 10.11394 0.7836679816 2.3909521103    0.723  3.205  3.6466  0.630    7  0.519  0.404     0.00     0.00 -1    -1e-30      0.00 7.512e-01 2.486e-01 2.048e-05 1.762e-05 6.739e-05 -1.000 1.641e-04 -3.243 0.045 -1.995 -3.134 -3.500 -3.685 -3.753
0.000156 -1.99852 10.11394 0.7836680412 2.3909521103    0.723  3.205  3.6432  0.617    8  0.519  0.418    44.50    23.79  1 -3.62e-07      0.00 7.512e-01 2.486e-01 2.145e-05 1.763e-05 6.815e-05 -1.000 1.811e-04 -3.243 0.134 -1.949 -3.117 -3.493 -3.684 -3.755
0.000156 -1.99852 10.11394 0.7836681008 2.3909523487    0.721  2.976  3.6589  0.908    8  0.519  0.420    23.75    13.81  1 -1.48e-07      0.00 7.512e-01 2.486e-01 2.145e-05 1.763e-05 6.815e-05 -1.000 1.811e-04 -2.669 0.109 -1.647 -2.618 -2.935 -3.093 -3.151
0.000156 -1.99852 10.11394 0.7836682200 2.3909523487    0.719  2.817  3.6695  1.108    8  0.519  0.420    15.43     9.50  1 -8.49e-08      0.00 7.512e-01 2.486e-01 2.145e-05 1.763e-05 6.815e-05 -1.000 1.811e-04 -2.272 -0.016 -1.436 -2.249 -2.527 -2.667 -2.717
0.000156 -1.99852 10.11394 0.7836683989 2.3909523487    0.714  2.607  3.6837  1.372    8  0.519  0.420     8.74     5.79  1 -4.39e-08      0.00 7.512e-01 2.486e-01 2.145e-05 1.763e-05 6.815e-05 -1.000 1.811e-04 -1.746 0.025 -1.069 -1.738 -1.980 -2.101 -2.143
0.000156 -1.99852 10.11394 0.7836686969 2.3909525871    0.707  2.611  3.6832  1.361    8  0.519  0.420     8.95     5.88  1 -4.49e-08      0.00 7.512e-01 2.486e-01 2.145e-05 1.763e-05 6.815e-05 -1.000 1.811e-04 -1.758 0.027 -1.077 -1.750 -1.993 -2.115 -2.157
0.000156 -1.99852 10.11394 0.7836690545 2.3909525871    0.698  2.695  3.6773  1.248    8  0.520  0.420    11.43     7.22  1  -5.9e-08      0.00 7.512e-01 2.486e-01 2.145e-05 1.763e-05 6.815e-05 -1.000 1.811e-04 -1.969 -0.001 -1.229 -1.955 -2.213 -2.342 -2.387
0.000156 -1.99852 10.11394 0.7836694717 2.3909528255    0.688  2.884  3.6643  1.001    8  0.520  0.420    19.49    11.36  1 -1.12e-07      0.00 7.512e-01 2.486e-01 2.145e-05 1.763e-05 6.815e-05 -1.000 1.811e-04 -2.440 0.054 -1.522 -2.405 -2.700 -2.849 -2.903
0.000156 -1.99852 10.11394 0.7836700082 2.3909530640    0.677  3.053  3.6525  0.777    8  0.520  0.420    31.65    17.10  1 -2.15e-07      0.00 7.512e-01 2.486e-01 2.145e-05 1.763e-05 6.815e-05 -1.000 1.811e-04 -2.863 0.176 -1.728 -2.784 -3.126 -3.297 -3.360
0.000156 -1.99852 10.11394 0.7836706042 2.3909530640    0.664  3.166  3.6446  0.625    8  0.520  0.420    44.10    22.50  1 -3.47e-07      0.00 7.512e-01 2.486e-01 2.145e-05 1.763e-05 6.815e-05 -1.000 1.811e-04 -3.144 0.195 -1.870 -3.025 -3.397 -3.585 -3.655
0.000156 -1.99852 10.11394 0.7836712003 2.3909533024    0.649  3.227  3.6401  0.536    8  0.521  0.420    53.59    26.22  1 -4.64e-07      0.00 7.512e-01 2.486e-01 2.145e-05 1.763e-05 6.815e-05 -1.000 1.812e-04 -3.297 0.219 -1.936 -3.151 -3.543 -3.741 -3.815
0.000156 -1.99852 10.11394 0.7836719751 2.3909537792    0.633  3.256  3.6377  0.487    8  0.521  0.420    59.97    28.33  1 -5.46e-07      0.00 7.512e-01 2.486e-01 2.145e-05 1.763e-05 6.815e-05 -1.000 1.812e-04 -3.370 0.240 -1.958 -3.208 -3.611 -3.815 -3.891
0.000156 -1.99852 10.11394 0.7836727500 2.3909540176    0.617  3.272  3.6362  0.453    8  0.522  0.420    65.08    29.65  1 -6.11e-07      0.00 7.512e-01 2.486e-01 2.145e-05 1.763e-05 6.815e-05 -1.000 1.811e-04 -3.410 0.261 -1.961 -3.237 -3.649 -3.856 -3.934
0.000156 -1.99852 10.11394 0.7836763859 2.3909552097    0.523 -9.999  4.0000  1.898    9  0.524  0.000     0.00     0.00 -1    -1e-30      0.00 7.512e-01 2.486e-01 2.145e-05 1.763e-05 6.815e-05 -1.000 1.812e-04 29.767 30.110 29.972 30.250 30.478 30.557 30.646
#isochrone terminated
